1 454 3431.71
1 396 4525.48
1 452 4295.13
1 154 5073.12
1 401 5307.32
1 437 5107.85
1 322 4673.11
2 360 2700.06
2 123 1048.59
2 123 1192.02
2 153 8520.9
2 462 4425.58
2 3 5290.15
3 117 7572.68
3 361 230.78
3 250 4698.99
3 7 9230.4
3 374 9493.59
4 273 440.58
4 210 6539.78
4 325 4766.62
4 34 2205.92
4 438 6943.11
4 381 5109.15
4 5 2022.35
5 246 3846.56
5 98 514.12
5 71 1107.61
5 384 7505.44
5 352 2267.91
5 211 7223.11
6 143 6093.5
6 215 5896.49
6 244 9205.99
6 384 7077.36
6 384 1733.75
6 273 9317.6
6 301 8541.55
6 36 6553.32
6 326 4398.34
6 7 4066.53
7 160 2216.04
7 205 4505.28
7 218 840.8
7 32 8538.82
7 181 2240.31
7 168 7032.92
8 454 2171
8 38 1734.26
8 197 6235.64
8 295 7372.5
8 268 2839.85
8 135 6708.01
8 9 1640.24
9 292 4624.24
9 135 1795.99
9 108 2750.3
9 259 4075.56
9 471 3395.69
9 111 5720.84
9 307 229.53
10 258 8428.81
10 356 9085.45
10 363 5028.92
10 11 504.43
11 217 6770.47
11 170 1976.37
11 456 3748.19
11 388 1091.1
11 466 5056.52
11 334 681.84
11 113 6392.07
11 94 701.07
11 55 614.19
12 7 3707.87
12 70 181.9
12 297 5558.83
12 228 9904.76
12 13 6242.65
13 58 8514.85
13 106 9918.04
13 436 7466.03
13 90 4466.34
13 440 4126.45
13 473 4735.12
13 365 9992.65
14 378 9123.41
14 479 1174.78
14 272 4746.5
14 15 8669.03
15 206 8262.81
15 412 7538.49
15 141 2225.9
15 304 1894.04
15 126 1932.54
15 375 5261.84
15 412 7949.73
15 53 2511.54
15 387 3257.31
15 289 6205.48
15 38 2435.12
15 26 4263.51
16 477 2587.47
16 296 8392.46
16 93 6404.74
16 489 8098.81
16 85 141.3
16 17 2199.97
17 77 1223.96
17 452 2740.93
17 406 6441.81
17 327 6414.68
17 265 9750.28
18 106 1037.22
18 191 4126.56
18 331 2533.38
18 457 9095.58
18 176 7707.25
18 34 2240.97
18 261 5644.33
18 240 195.59
18 477 1059.58
18 281 4486.44
18 19 7423.48
19 155 676.07
19 303 7757.61
19 64 8992.46
19 424 1416.07
19 466 8122.89
19 77 6258.35
19 247 8834.51
20 363 692.39
20 101 2371.95
20 30 4208.49
20 413 6348.94
20 128 2471.89
20 449 8500.04
20 287 4599.27
20 421 4192.84
20 21 355.95
21 417 6120.84
21 122 9842.87
21 26 6123
21 234 1401.42
21 196 1020.34
21 480 2704.29
21 17 5214.88
22 66 8039.37
22 103 975.52
22 3 6100.19
22 428 814.55
22 405 4026.92
22 276 2650.28
22 471 1714.28
22 237 3848.37
22 23 7199.81
23 178 4423.08
23 468 4284.04
23 40 2996.33
23 481 236.51
23 17 4012.99
24 131 956.39
24 442 2372.44
24 152 8298.58
24 493 9244.54
24 25 5713.63
25 156 515.07
25 305 5603.21
25 462 8310.11
25 189 4789.65
26 78 768.16
26 145 619.11
26 97 1288.79
26 385 5433.33
26 447 9601.08
26 470 5212.25
26 150 9352.43
27 225 6543.64
27 399 8358.16
27 363 8660.3
27 283 4981.69
27 260 6214.11
27 397 740.76
27 337 9327.84
27 28 6263.04
28 218 8908.94
28 98 6129.33
28 81 3470.56
28 56 1129.5
29 115 655.78
29 440 4406.46
29 81 6320.23
29 30 9061.66
30 308 2623.83
30 414 8866.6
30 202 6857.68
30 435 5823.75
30 290 421.19
30 411 5307.03
30 477 1198.25
31 398 2115.45
31 444 6071.4
31 32 852.96
32 394 2378.04
32 453 3104.83
32 172 8071.55
33 110 3068.48
33 34 355.8
34 6 5684.66
34 167 9681.9
34 73 7514.54
34 448 2255.62
34 441 1151.31
34 491 6818.21
34 329 3864.02
35 384 5424.28
35 138 2206.84
35 436 3605.27
35 156 1692.94
35 218 6224.49
35 495 1600.58
35 339 5612.94
35 113 7953.22
35 36 4520.59
36 388 3465.28
36 491 2779.56
36 91 8162.22
36 373 7876.62
36 111 870.48
37 153 4833.69
37 354 2608.02
37 425 83.41
37 286 5736.09
37 482 7514.21
37 38 1163.94
38 391 8494.72
38 97 176.74
38 323 410.15
38 10 1346.51
38 263 6996.38
38 322 1163.66
38 413 5155.75
38 149 9338.13
38 415 2263.35
39 176 6570.45
39 40 3484.32
40 226 7487.92
40 350 827.61
40 101 6866.4
40 183 4785.86
40 242 729.98
40 76 6656.9
40 31 8578.19
40 199 8335.38
41 303 2620.36
41 280 7818.35
41 408 5341.87
41 280 2343.46
41 99 1987.28
41 330 1636.15
41 325 5509.14
41 251 9660.75
41 9 7232.34
42 472 8105.46
42 286 6004.71
42 16 9471.45
42 298 4921.09
42 378 662.39
42 4 1039.37
42 286 7049.29
42 43 8663.15
43 84 2586.48
43 215 8300.06
43 317 4273.63
43 138 2764.24
43 404 7816.32
43 108 6233.99
43 299 848.9
43 70 6754.71
44 266 5022.32
44 264 457.55
44 89 6844.49
44 13 5628.47
45 186 4775.69
45 372 1558.04
45 53 9815.27
45 416 7863.09
45 452 6019.15
45 419 359.93
45 437 970.45
45 373 3249.21
45 124 1126.18
45 18 1010.66
45 124 1244.63
45 46 1624.45
46 273 9352.13
46 149 2364.89
46 180 278.86
46 477 3645.09
47 280 5634.43
47 31 4158.65
47 170 5314.34
47 157 2250.19
47 48 6342.39
48 417 1967.08
48 31 4514.37
48 133 140.64
48 438 8370.1
48 418 6452.83
49 392 9199.68
49 123 540.58
49 383 4315.73
49 50 6301.35
50 297 1696.86
50 199 1663.41
50 252 4725.24
50 245 4653.3
50 155 3204.03
51 432 1914.37
51 382 3871.91
51 367 4180.9
51 479 1393.18
51 151 1850.18
51 125 1204.6
51 52 5820.56
52 212 6236.34
52 279 5976.31
52 485 4548.83
52 147 6351.85
52 237 5142.55
52 166 5599.71
53 55 6215.11
53 363 6281
53 430 246.04
53 496 7650.16
53 284 9564.26
53 54 3136.67
54 26 2082.4
55 257 5951.82
55 384 8881.19
55 108 4938.73
55 248 8185.63
55 321 4067.72
56 351 460.39
56 254 5449.74
56 478 5430.96
56 137 928.28
56 255 7797.61
56 57 3449.29
57 292 9745.06
57 110 7307.22
57 156 3792.06
57 416 5222.01
57 500 3371.15
58 184 8819.71
58 101 3705.51
58 406 5790.59
58 340 8554.66
58 84 2232.66
58 208 7491.23
58 59 193.28
59 213 2797.06
59 165 2562.92
59 346 4151.64
59 77 9200.1
59 260 1553.84
59 1 4291.69
59 319 2886.27
59 396 3225.27
60 85 7600.67
60 10 4340.61
60 135 73.6
60 483 2096.81
60 69 1171.04
60 235 356.02
60 67 2563.15
60 297 1965.78
60 61 4536.6
61 233 2922.23
61 499 6018.81
61 72 7755.75
61 415 5132.67
61 159 2499.29
61 382 750.63
61 81 6897.89
61 38 2171.9
62 276 2991.34
62 294 4263.09
62 218 8449.93
62 15 9426.65
62 447 9711.83
62 166 5933.77
62 63 3849.53
63 130 8384.44
63 430 6368.54
63 248 6278.76
63 66 1594.5
64 224 1460.52
64 75 1480.19
64 376 3076.99
64 65 6698.79
65 348 1026.09
65 399 4361.45
65 7 6687.31
65 198 8436.45
66 134 869.42
66 380 7975.88
66 409 997.32
66 190 3331.17
66 58 5805.37
66 496 9574.6
66 217 5676.02
66 67 3864.03
67 334 2268.53
67 466 307.33
67 29 577.44
67 158 820.84
67 229 1096.26
68 300 413.68
68 57 5338.91
68 215 7391.11
68 195 840.21
68 439 309.91
68 325 6563.76
68 69 2070.64
69 244 6812.21
69 473 6514.92
69 185 5404.36
70 432 2761.56
70 115 5632.58
70 7 5227.76
70 336 7751.52
71 227 2281.8
71 414 7861.96
71 156 1854.08
71 148 844.48
71 72 5385
72 50 5556.57
72 355 6207.27
72 12 2199.93
72 168 3646.61
72 246 1979.62
72 246 834.48
72 8 8241.43
72 389 6689.92
73 340 1636.41
73 365 4987.12
73 279 788.37
73 181 9905.86
73 74 6321.94
74 263 101.57
74 187 6154.37
74 58 7577.94
74 212 5969.02
74 15 2520.38
74 67 4562.86
74 427 4634.78
74 37 2674.74
75 437 1749.55
75 198 2109.12
75 146 4848.87
75 175 7530.64
75 303 5042.07
75 76 1598.09
76 318 7826.93
76 183 7093.4
76 10 3466.03
76 397 4624.98
76 403 9222.83
77 232 9639.46
77 154 9326.54
77 314 2210.18
77 148 3692.41
77 333 2088.26
77 184 1379.84
77 143 8911.72
77 223 5386.33
77 486 6457.38
77 122 8460.76
77 78 794.21
78 478 8615.34
78 39 325.45
78 401 1970.15
79 359 8169.49
79 215 1352.42
79 354 6609.99
79 309 4993.72
79 39 5928.7
80 492 30.1
80 437 8507.17
80 19 1704.35
80 59 9466.41
80 196 9879.79
80 81 6363.38
81 223 4204.78
81 53 3326.26
81 117 3792.36
81 35 9881.76
82 469 8227.94
82 70 3550.02
82 407 35.99
82 218 3247.06
82 313 2504.44
82 83 6904.67
83 345 3178.74
83 151 1776.77
83 179 8047.35
84 247 2656.69
84 229 1065.39
84 330 7434.71
84 463 5600.57
84 209 6060.69
84 436 735.56
84 78 5293.26
85 349 8907.9
85 56 2718.48
85 242 10.21
85 138 6604.13
85 61 1218.28
86 184 8146.55
86 385 7761.77
86 156 9054.37
86 131 2685.62
86 87 4269.69
87 78 969.11
87 307 4576.49
87 473 9803.92
87 60 9236.76
87 256 4091.12
87 292 9708.92
87 341 6528.96
87 383 1397.38
87 307 3660.03
88 32 7422.21
88 49 4036.83
89 350 4565.85
89 454 3908.53
89 4 3077.03
89 94 7189.69
89 331 7137.63
89 291 7543.82
89 124 9766.29
90 356 669.59
90 464 8988.98
90 205 905.34
90 359 3908.81
90 258 5431.25
90 496 9383.24
90 91 654.73
91 150 6862.44
91 447 8396.61
91 355 8850.35
91 102 9066.8
91 476 8072.28
91 67 5259.68
92 198 7361.96
92 393 5840.32
92 66 9360.07
92 353 1050.28
92 373 2592.69
92 404 4476.44
92 93 1676.38
93 271 9534.83
93 140 2043.78
93 408 7216
93 436 5310.67
93 417 5679.22
93 98 7019.72
94 222 5088.28
94 421 2636.64
94 375 9374.49
94 250 4426.02
94 57 8183.42
95 175 6360.84
95 66 5691.04
95 149 2124.35
95 96 4240.87
96 7 3982.53
96 209 7812.25
96 384 3751.09
97 242 1694.41
97 25 6649.59
97 296 4119.29
97 221 3299.42
97 20 9720.93
97 283 89.12
97 338 2243.25
97 319 6503.82
97 98 8143.44
98 267 5191.02
98 97 31.45
98 171 833.88
98 443 7303.89
98 485 524.3
98 306 6865.58
99 409 6581.21
99 56 7651.56
99 347 1090.47
99 442 9734.58
99 345 536.6
99 100 1580.8
100 214 7338.49
100 138 6595.53
100 171 1721.2
100 109 300.86
100 227 9446.65
100 367 6473.68
100 125 3994.5
100 299 6989.74
100 378 1383.61
101 155 7897.24
101 159 2528.74
101 361 4709.31
101 99 2678.03
101 64 5916.74
101 274 7435.15
101 194 4113.44
101 348 69.12
101 370 4660.1
101 102 9520.56
102 317 2282.23
102 459 3835.71
102 225 7718.39
102 289 2447.37
102 57 3336.7
102 163 5616.75
102 387 213
103 33 2510.84
103 388 6746.36
103 4 7363.78
103 330 960.21
103 445 9023.8
103 47 5688.21
103 104 43.07
104 109 8130.8
104 327 1004.4
104 347 48.18
104 123 1133.92
105 477 2697.52
105 19 3265.08
105 209 6374.34
105 61 1293.26
105 95 3329.01
105 133 1003.05
105 61 572.06
105 62 295.45
105 195 78.91
105 284 714.61
105 106 6754.04
106 389 8444.27
106 382 4255.84
106 294 4238.02
106 193 850.76
107 286 3005.68
107 12 8528.8
107 197 6774.05
107 218 1877.21
107 108 3759.12
108 157 1700.94
108 72 1544.91
108 301 7098.26
108 340 8826.63
108 491 3341.99
108 71 6694.07
109 173 2623.14
109 198 3143.07
109 255 2226.72
109 329 3772.07
109 80 6389.76
109 110 2970.05
110 40 5293.26
110 464 4515.52
110 364 5603.79
110 229 9051.86
111 112 4267.92
111 374 3135.15
111 291 5993.91
111 378 1856.95
111 49 8274.04
111 32 9877.9
111 320 7621.21
111 469 5706.03
111 357 1997.74
111 112 1666.96
112 342 9598.45
112 473 9254
112 294 7971.99
112 413 1707.5
112 426 7732.91
112 417 5561.29
112 167 4228.27
113 348 765.42
113 181 1295.74
113 317 9787.14
113 117 2991.75
113 260 3779.53
114 280 6068.42
114 16 4778.46
114 450 3362.15
114 286 927.9
114 115 5857.89
115 249 1550.69
115 83 8541.23
115 93 8858.07
115 57 364.58
115 388 6520.99
115 289 807.9
115 357 136.75
115 479 3811.96
115 152 8265.63
116 475 979.64
116 348 4263.38
116 72 3458.02
116 374 935.15
116 477 4906.13
116 47 3931.67
116 498 1448.47
116 231 7451.99
116 115 1661.22
116 279 4152.07
116 117 1259.04
117 329 54.66
117 281 2193.68
117 157 7676.08
117 371 8808.77
117 86 882.59
118 165 9673.46
118 11 5800.54
118 96 7397.17
118 185 5456.84
118 403 8399.88
118 31 557.66
118 119 9326.71
119 301 1871.25
119 143 5626.06
119 36 9899.74
119 22 5663.8
119 84 7361.43
119 33 505.12
119 365 2120.11
119 145 7973.22
120 267 6197.98
120 107 9478.58
120 217 8940.54
120 407 4037.3
120 179 7771.39
120 369 9636.5
120 449 4171.09
120 58 2961.46
120 202 6344.26
120 292 2852.31
120 121 2177.73
121 384 8258.49
121 393 491.5
121 132 4004.63
121 205 3670.43
122 101 9362.94
122 28 2743.49
122 358 6685.86
122 123 7978.97
123 105 3028.15
123 444 4692.49
123 385 8714.95
124 35 2750.91
124 500 8532.38
124 330 4589.28
124 153 2526.75
124 134 900.11
125 177 2889.05
125 63 7306.85
125 94 9907.31
125 221 2960.35
125 316 4371.26
126 165 5099.07
126 143 6375.12
126 429 9837.97
126 229 3750.58
126 284 8143.04
126 127 3079.94
127 213 6246.45
127 361 4670.32
127 198 6557.52
127 286 618.4
127 36 7733.25
128 60 7396.34
128 483 485.73
128 46 4858.08
128 461 7478.66
128 129 5319.34
129 265 6436.42
129 232 9523.55
129 312 693.98
129 361 8327.74
129 406 7489.66
129 112 7019.8
130 386 7868.52
130 131 5367.61
130 362 7994.5
130 370 4291.94
130 386 5781.93
130 265 2120.62
130 264 5117.81
130 78 2388.84
130 25 8538.72
130 54 4198.87
131 422 3567.43
131 377 1931.23
131 66 3322.11
132 460 2627.3
132 116 6244.42
132 473 9425.25
132 428 8454.42
132 498 6713.46
132 176 9029.4
132 321 7815.64
132 133 6549.08
133 215 8667.58
133 308 1333.94
133 343 2637.38
133 117 2132.53
133 41 500.21
134 425 1946.76
134 456 7702.95
134 249 5045.54
134 92 4306.32
134 302 3677.55
134 174 6906.12
134 40 4826.31
134 452 9309.6
135 57 9588.66
135 483 1834.61
135 147 9481.85
135 436 9891.12
135 302 472.17
135 323 9319.72
136 361 9049.9
136 23 8862.1
136 268 7900.46
136 267 7487.84
136 252 8102.62
136 307 6616.45
136 137 2118.41
137 448 5771.39
137 373 5064.26
137 285 7738.65
137 414 9688.12
137 339 374.69
137 427 6865.38
138 470 801.98
138 121 2357.08
138 181 6875.73
138 157 4553.79
138 459 8898.09
138 219 1170.6
138 114 233.05
138 46 4825.32
139 147 9021.1
139 371 6709.47
139 392 4288.71
139 138 7061.87
140 289 7384.33
140 47 5603.1
140 32 7078.53
140 481 4327.58
140 476 724.59
140 307 7866.25
140 290 1434.9
140 163 5684.02
140 356 2907.66
140 141 8165.38
141 228 7143.45
141 230 801.65
141 478 2708.9
141 185 3738.02
142 366 558.35
142 372 1062.88
142 259 7535.5
142 198 9651.6
142 143 7586.2
143 124 950.09
143 230 6758.36
143 11 8699.6
143 397 891.63
143 496 47.62
143 377 1129.48
143 343 9980.69
144 32 2531.2
144 298 8969.57
144 186 5888.99
144 280 1037.08
144 290 6731.3
144 351 745.67
144 156 2222.91
144 433 3639.36
144 145 4874.36
145 35 8215.84
145 180 5472.8
145 395 2076.9
145 252 6021.77
145 35 8811.99
145 467 9430.75
146 149 3241.25
146 147 1663.55
147 249 7348.54
147 336 1374.29
147 367 9426.22
147 236 9814.31
147 253 1680.65
148 270 8795.45
148 407 5606.4
148 32 2598.06
148 292 1166.64
148 120 5347.92
148 500 5886.45
148 113 165.62
149 122 5135.4
149 286 8248.34
149 150 761.71
150 498 5068.69
150 285 1355.54
150 236 4601.81
150 249 9274.2
150 241 2462.29
150 37 4980.27
151 241 6889.61
151 363 1064.71
151 193 7882.47
151 365 2548.59
151 152 7193.07
152 228 3518.35
152 191 9709.85
152 375 5159.09
152 376 1086.38
153 209 9298.21
153 373 4168.18
153 470 4542.1
153 33 2692.46
153 369 5294.39
153 25 5575.66
153 50 8947.34
154 355 6744.86
154 201 1473.54
154 466 7246.37
154 81 4048.95
154 58 4299
154 106 1237.78
155 259 7719.47
155 379 768.81
155 194 1570.05
155 186 4573.46
155 181 9803.39
155 249 3511.98
155 184 4700.67
155 266 3182.1
155 200 5253.35
155 10 3875.96
156 282 9107.14
156 193 8020.78
156 84 63.97
156 429 6871.54
156 261 6411.86
156 178 4531.97
156 175 6223.26
156 47 7427.27
157 76 3678.45
157 127 5142.58
157 19 4738.55
157 4 2265.9
158 99 8248.48
158 329 9212.84
158 343 3196.33
158 379 6599.58
158 433 6196.96
158 388 2482.56
158 388 3339.89
158 66 8372.52
159 132 2309.19
159 371 8670.52
159 62 700.15
159 278 128.71
159 72 4275.28
159 89 2890.65
160 161 182.86
160 7 9739.49
160 54 8402.68
160 217 9631.95
160 161 5900.84
161 446 6105.92
161 226 7918.31
161 306 8768.14
161 211 8832.23
161 27 1603.47
161 215 5700.21
162 336 6342.97
162 417 9688.55
162 163 7013
163 202 4918.15
163 463 8755.44
163 432 9197.41
163 268 6327.91
163 318 3430.38
163 299 5452.62
163 342 5938.93
163 448 4065.21
164 286 4651.8
164 269 2865.51
164 378 7764.45
164 213 130.63
164 315 9522.17
164 390 357.45
164 497 281.76
164 427 1249.31
164 295 6985.83
164 165 6621.21
165 316 6932.57
165 352 5307.02
165 493 4015.65
165 97 9470
165 80 6743.66
166 445 7281.41
166 317 1286.91
166 479 1624.54
166 93 9545.99
166 159 642.29
167 368 569.04
167 367 2220.2
167 198 258.43
167 6 1357.14
169 366 8906.66
169 140 403.45
169 306 2971.34
169 114 2992.93
169 344 8428.31
169 134 7379.65
169 350 29.95
169 147 2303.74
169 483 2865.82
169 231 958.59
169 414 1377.24
169 176 5163.45
169 112 7127.49
170 322 6851.69
170 453 1888.74
170 145 812.17
170 268 4709.72
170 148 2451.2
170 182 262.18
170 246 1188.39
170 205 1071.67
170 129 40.08
171 63 4712.32
171 243 8305.87
171 332 9996.86
171 125 3741.65
172 46 3027.78
172 98 409.24
172 278 8311.85
173 455 1089.81
173 281 902.28
173 240 9448.91
173 486 1409.7
173 403 1988.37
173 298 5820.08
173 12 6905.05
174 459 3623.67
174 189 7214.89
174 336 7318.36
174 396 488.61
174 450 4244.94
174 164 5680.7
174 175 904.01
175 328 8841.49
175 366 6931.9
175 139 1794.5
175 321 4110.78
175 231 2679.63
176 304 1660.49
176 401 1909.77
176 207 3389.66
177 237 3844.16
177 149 7413.53
177 375 284.95
177 178 1082.01
178 76 1407.63
178 269 3453.92
178 281 208.6
178 481 2575.88
178 149 7805.06
178 14 9739.12
179 43 5818.53
179 415 7201.73
179 80 4832.18
179 39 9194.35
179 88 3816.2
179 180 3793.46
180 394 7732.69
180 119 6122.69
180 46 8396.36
180 141 3738.23
181 368 8196.76
181 204 1564.18
181 117 8728.9
181 10 1574.04
181 2 2015.68
182 337 6783.79
182 15 9526.3
182 311 8728.43
182 159 5674.25
182 173 4880.7
182 176 5446.34
182 79 2926.53
183 82 9838.53
183 137 4608.74
183 5 9812.56
183 297 5637.35
183 223 9211.67
183 396 4869.89
183 286 1856.67
183 87 865.28
184 287 162.53
184 322 33.43
184 394 6642.01
184 84 12.88
184 356 2214.23
184 487 6518.06
184 407 2660.02
184 167 9801.75
185 17 9594.99
185 33 4518.49
185 399 6808.18
185 340 2277.88
185 210 9106.36
185 109 2734.02
185 191 8639.56
185 261 3594.22
185 186 967.55
186 147 2033.23
186 205 9808.01
187 351 4207.17
187 232 7866.55
187 366 4000.98
187 450 4781.71
187 433 7973.44
187 54 4456.94
187 226 2270.42
187 188 9539.2
188 5 1948.51
188 442 7745.4
188 5 7075.55
188 412 1907.03
189 259 7884.75
189 398 42.71
189 52 3844.15
189 312 5269.16
189 95 9930.75
189 343 7675.06
189 190 6144.39
190 425 9484.1
190 392 6350.99
190 379 3445.62
190 209 2855.26
190 68 2531.01
191 133 150.44
191 321 6955.81
191 156 3897.71
191 410 7802.85
191 192 2103.66
192 324 3615.6
192 440 9883.76
192 175 38.46
192 500 9640.75
192 307 9721.76
192 220 7131.97
192 381 1339.77
192 348 1283.55
193 382 4837.17
193 424 1632.56
193 163 1946.89
193 22 9732.24
193 418 4740.9
193 194 9726.4
194 325 6464.55
194 463 7951.8
194 210 5867.79
194 21 2383.51
195 403 2576.16
195 316 4565.28
195 147 1334.18
195 284 3542.6
195 196 5533.29
196 453 5069.34
196 10 595.16
196 135 9645.66
196 147 1381.02
196 401 3490.55
197 196 7414.21
197 173 6175.31
197 198 7051.72
198 145 4225.56
198 490 6909.84
198 26 8867.87
198 216 6680.68
198 22 2393.17
199 138 6409.62
199 411 8659.66
199 271 1503.47
199 109 3954.6
199 242 6341.07
200 461 4835.14
200 106 9753.74
200 499 6228.48
200 11 1365.84
200 424 1846.66
200 422 493.56
200 476 7291.57
200 201 7045.07
201 419 8091.56
201 113 6835.74
201 87 577.62
201 57 2760.42
201 186 5603.82
201 429 420.8
201 420 2627.14
202 283 1143.65
202 293 2813.35
202 141 4298.59
202 391 569.16
202 336 8838.13
202 428 494.69
202 284 1955.03
202 231 6922.53
202 203 1677.12
203 366 651.29
203 268 4269.41
204 146 9786.45
204 458 198.66
204 498 7950.81
204 73 1749.07
205 361 8922.1
205 483 476.31
205 363 1267.29
205 337 8827.62
205 28 6131.35
205 230 5689.74
206 177 3505.34
206 40 7811.9
206 200 8837.03
206 451 1802.92
206 403 9902.9
206 424 9770.56
206 207 2446.18
207 63 5033.08
207 257 413.48
207 310 8526.76
207 218 1803.71
207 239 8609.03
207 31 326.29
207 214 2325.21
207 125 8872.79
208 346 5684.84
208 272 6830.23
208 412 9704.98
208 280 3751.42
208 129 2690.23
209 500 7327.17
209 270 4663.2
209 145 1577.33
209 210 1144.66
209 266 3176.87
209 301 3728.89
209 397 6664.2
209 161 9338.27
209 373 2301.11
209 192 2762.97
210 74 597.23
210 243 440.18
210 46 313.42
210 277 2857.96
210 431 3448.73
210 297 9378.28
210 12 624.37
211 312 1151.31
211 450 7765.47
211 196 4129
211 270 8609.15
211 218 693.73
211 380 7077.27
211 250 8720.72
211 289 8200.06
212 366 884.52
212 111 4661.72
212 276 9096.14
212 346 2083.37
212 213 2222.62
213 283 4412.76
213 4 114.64
213 205 3703.41
213 276 700.39
213 98 6703.57
213 89 2191.53
213 75 1456.52
213 4 566.18
213 447 8167.31
213 285 1860.06
214 239 7962.22
214 393 6695.29
214 196 3907.47
214 42 1506.48
214 449 4726.04
214 445 5288.49
214 141 6451.38
214 186 428.83
215 260 3105.18
215 72 1692.95
215 87 6217.14
215 389 474.04
215 257 4754.06
215 207 7086.15
215 14 9174.2
215 403 8874.17
215 278 5130.69
215 312 6853.2
215 326 5681.67
215 149 5565.72
216 369 7884.8
216 356 6046.29
216 19 530.29
216 217 5185.81
217 115 1702.67
217 111 4658.09
217 25 5297.4
217 368 5687.97
218 269 5146.04
218 362 7094.83
218 388 7860.8
218 102 1217.64
218 219 4169.47
219 58 5072.98
219 54 1191.79
219 261 8738.83
219 236 9600.98
220 294 2376.84
220 226 5610.14
220 225 9502.84
220 225 1057.14
220 54 1172.47
220 161 1746.96
221 174 6514.23
221 441 9381.68
221 150 1075.59
221 43 1812.36
221 289 2683.67
221 87 8659.06
221 49 9093.51
221 473 3207.16
221 23 734.54
222 189 2919.57
222 119 2807.93
222 345 7117.35
222 92 5697.24
222 270 3951.28
222 468 5437.27
222 373 8178.99
222 429 6228.93
222 384 7225.24
222 223 5279.05
223 96 4159.14
223 431 7930.71
223 363 8431.58
223 287 6398.98
223 109 9493.94
223 471 1426.44
223 119 3446.09
223 404 664.54
223 401 9373.15
224 394 4222.7
224 309 3074.7
224 237 2040.52
224 102 2417.99
224 101 9152.33
224 20 9352.77
224 177 8999.7
224 415 8864.65
224 192 9578.57
225 246 1556.96
225 373 7903.4
225 372 3013.12
225 1 2779.65
225 28 1899.43
225 88 6056.49
225 78 766.82
225 66 4040.64
226 182 8453.53
226 220 7913.75
226 443 1501.62
226 423 3252.68
226 49 5.37
226 38 3897.97
227 468 6291.82
227 47 5371.53
227 253 464.85
227 461 3603.23
227 20 623.16
227 181 3673.32
227 339 5464
227 228 8265.84
229 444 4997.84
229 211 261.05
229 70 3276.13
229 414 4209.54
229 260 6403.91
229 213 6015.08
229 339 1136.77
229 296 2490.18
229 230 6353.76
230 30 2354.49
230 37 860.83
230 212 902.83
230 387 5643.44
231 306 9870.29
231 21 6831.91
231 304 8427.44
232 235 5887.77
232 173 156.98
232 133 951.11
232 439 1934.05
232 297 8869.01
232 352 4754.96
232 175 7327.01
232 233 8577.02
233 255 6620.45
234 363 4600.62
234 125 4056.34
234 338 3645.1
234 385 8080.35
234 171 5934.43
234 235 1892.76
235 291 2910.6
235 301 3360.13
235 246 9171.02
235 178 8653.43
235 451 1961.72
236 299 8065.82
236 497 5525.01
236 237 1106.64
237 205 7005.99
237 145 7979.18
237 435 8651.83
237 308 8969.62
238 199 2410.09
238 343 1717.91
238 73 5897.06
238 235 7667.18
238 292 1193.49
238 304 9005.81
238 477 2132.41
238 58 7305.28
238 239 6663.02
239 64 6784.98
239 290 3422.03
239 402 6547.02
239 284 6555.94
239 467 1479.12
239 479 4087.6
240 79 4203.69
240 118 9712.21
240 239 3771.75
240 413 3510.08
240 196 8763.7
240 288 4633
240 432 1134.9
240 162 7649
240 241 1384.9
241 13 715.29
241 68 8357.92
241 471 9885.44
241 58 7428.71
241 381 2432.89
241 384 1950.26
242 199 9468.22
242 154 9571.88
242 420 3162.59
242 322 701.41
242 304 8967.11
242 421 8403.24
242 101 1035.67
242 344 7672.96
242 461 6906.52
242 243 6908.01
243 54 8637.67
243 465 414.9
243 346 9565.37
244 426 6753.69
244 286 519.91
244 64 579.74
244 317 1295.12
244 245 1324.15
245 149 2692.09
245 264 8899.52
245 222 7018.9
245 427 5908.89
245 306 9860.73
245 294 1023.43
245 145 328.27
246 92 910.19
247 444 3039.19
247 275 575.39
247 212 7720.2
247 463 5492.06
248 231 1046.52
248 497 3602.21
248 126 3755.63
248 58 8925
248 249 2601.68
249 98 9819.37
249 243 3935.69
249 83 9512.42
249 383 3948.88
250 135 3383.33
250 20 2921.38
250 479 4791.14
250 365 6961.88
250 307 7567.32
250 251 9916.17
251 83 2315.95
251 380 8341.05
251 212 839.98
251 218 1457.03
251 98 9359.44
251 301 573.94
251 169 947.25
252 159 2372.95
252 294 5221.23
252 231 3951.88
252 255 971.49
252 195 9423.46
252 259 7324.59
252 256 4435.66
252 94 319.94
253 61 2472.36
253 32 5374.05
253 315 6325.89
253 171 252.15
254 201 3358.43
254 19 6429.67
254 180 7449.75
255 308 705.81
255 326 8488.02
255 9 4856.39
255 77 2969.8
255 368 5760.83
255 449 5811.92
255 127 9660.7
256 356 517.86
256 208 2194.96
256 4 9746.31
257 393 5716.27
257 71 184.16
257 338 2358.49
257 258 9959.09
258 371 6975.92
258 355 9135.84
258 455 857.33
258 173 5907.83
259 23 5698.61
259 110 7485.74
259 381 4837.95
259 160 8441.96
260 490 214.07
260 119 4330.5
260 56 3947.09
260 96 5736.43
260 261 9342.41
261 235 1256.71
261 434 5376.05
261 377 3356.67
261 319 304.91
261 406 3100.28
262 375 5527.3
262 488 7116.92
262 88 2270.45
262 263 308.77
263 210 7878.55
263 146 9301.16
263 180 6983.18
263 380 4395.78
263 135 1989.95
264 321 4915.04
264 254 1315.63
264 260 9277.66
264 145 6214.67
264 205 1563.31
264 278 2819.69
264 179 9921.07
265 337 9329.7
265 365 5974.32
265 84 2520.54
265 306 362.98
265 136 1124.33
265 377 9703.91
266 68 2898.42
266 105 7095.17
266 297 3708.44
266 324 1019.46
266 267 8667.01
267 63 6039.89
267 20 4164.49
267 1 423.6
267 457 6975.69
267 443 8283.95
267 447 6590.99
268 483 4708.83
268 295 6182.5
268 388 3373.35
268 238 1046.65
268 269 6228.67
269 239 4296.35
269 178 1231.09
269 210 3130.52
269 250 9458.21
269 340 862.33
269 57 8332.71
270 213 6100.6
271 384 3114.21
271 408 3089.18
271 492 5213.31
271 431 2488.22
271 188 5512.53
271 328 3282.8
271 23 8328.93
272 271 3304.27
272 194 2923.18
272 476 24.25
272 325 5882.29
272 27 1506.83
272 273 9539.23
273 190 1261.55
273 382 7209.32
273 117 2704.06
274 19 7371.76
274 188 7115.66
274 472 5614.01
274 6 6564.17
274 53 1984.98
275 278 2239.9
275 218 5718.75
275 213 9176.27
275 45 69.01
275 87 7569.5
275 464 7108.15
275 164 7854.09
275 276 1897.76
276 93 6260.81
276 412 8882.55
276 427 1956.28
276 14 9691.76
276 120 2225.92
276 294 3101
276 418 3463.7
276 56 3205.17
276 249 500.63
276 164 9436.92
276 201 5875.31
277 478 97.33
277 71 9500.32
277 375 4347.63
277 256 773.13
277 453 1103.7
277 345 4659.28
277 406 7409.14
277 198 5843.23
277 408 7629.49
277 266 7678.55
277 452 3878.57
277 119 4682.29
278 88 3224.07
278 197 1611.22
278 198 2625.32
278 500 2170.11
278 452 594.18
279 426 72.55
279 468 3220.3
279 88 9858.44
279 167 973.49
279 190 1335.18
279 495 3979.8
279 428 8138.19
279 280 3802.56
280 292 7121.98
280 302 3760.18
280 327 2031.38
280 267 7559.32
280 282 4635.76
280 135 8900.56
281 247 7228.24
281 309 1387.32
281 468 7923.67
281 269 9167.45
281 342 4591.19
282 169 8232.27
282 75 9419.08
282 364 6209.63
282 30 2816.13
282 283 4421.78
283 229 1071.89
283 255 9781.47
283 5 5254.45
283 65 4379.02
283 31 6416.28
284 450 6292.82
284 301 2625.38
284 285 8761.8
284 11 3196.68
284 273 1722.94
285 326 7029.81
285 381 8530.66
285 121 3034.42
285 157 8695.58
285 280 5834.64
286 494 252
286 489 7462.5
286 185 2679.56
286 119 5755.89
286 246 3203.91
286 440 9645.17
287 163 8201.63
287 196 8145
287 64 1948.89
287 213 7493.18
287 288 763.24
288 253 436.11
288 210 2328.06
288 24 6234.55
288 130 6285.89
288 165 2560.66
289 295 1135.89
289 63 3335.22
289 244 4276.17
289 343 4267.44
289 241 5843.86
289 238 1727.51
290 42 1731.89
290 214 6948.94
290 332 1675.05
290 94 8436.55
290 177 8994.22
290 176 8070.81
291 141 1378.9
291 466 2658.26
291 488 7081.05
291 495 3223.92
291 292 3611.19
292 35 678.11
292 39 5016.68
292 354 758.97
292 53 5893.32
292 56 1805.28
292 138 5619.76
292 315 768.37
293 142 8822.26
293 122 7941.71
293 99 5637.71
293 408 9831.83
293 195 4288.38
293 80 6628.04
294 417 9899.34
294 212 153.35
294 24 2178.23
295 61 6869.33
295 148 782.89
295 465 5153.89
295 199 5711
295 318 4993.96
295 206 2357.83
295 286 9853.15
295 435 699.85
295 463 3625.71
295 181 4356.34
295 46 2315.05
296 314 5910.49
297 500 3747.97
297 260 8216.66
297 48 8873.03
297 430 9180.58
297 37 4975.44
297 221 4963.74
297 7 6372.13
297 83 3476.68
298 49 6710.49
298 452 2567.71
298 76 2210.16
298 110 1224.35
298 299 8663.93
299 162 9862.17
299 398 3310.7
299 267 3297.9
299 172 8379.39
299 349 7997.03
300 76 9507.51
300 188 8631.48
300 174 6170.42
300 341 7916.99
300 72 6332.46
300 65 6742.85
300 395 4318.62
300 301 9461.57
301 426 1767.03
301 360 172.5
301 204 2882.8
301 334 7831.06
301 297 793.65
302 342 9906.76
302 100 5278.76
302 81 948.03
302 19 6047.83
302 433 9734.04
302 285 2017.95
302 280 467.61
302 252 9294.47
303 226 2687.44
303 131 3813.14
303 79 6277.09
303 273 4049.02
303 421 8055.84
303 499 463.48
303 208 2292.19
303 267 4818.48
304 67 5083.99
304 83 7519.6
304 116 1310.93
304 59 4269.81
304 221 5735.96
304 438 1261.52
304 31 8457.4
304 305 8255.64
305 330 842.41
305 222 8034.95
305 239 7657.46
305 398 1293.23
305 313 3613.64
306 452 5948.94
306 9 9565.1
306 100 7773.85
306 46 5104.82
306 93 7437.03
306 263 6215.78
306 159 9539.97
307 373 1404.12
307 200 1766.54
307 241 6358.69
307 293 3904.26
307 460 5392.08
307 220 9186.15
307 172 2816.66
307 177 6566.18
307 22 6000.19
308 364 4785.16
308 44 1060.48
308 404 1305.5
308 270 4423.16
308 281 5337.02
308 393 6983.73
308 53 4947.71
309 392 8322.96
309 478 1684.86
309 182 7136.02
309 53 3079.78
309 310 9505.62
310 272 8639.45
310 242 1037.11
310 173 6293.03
310 467 4044.78
310 406 6738.41
310 388 100.48
310 163 4297.79
310 348 1791.11
310 281 3159.35
310 360 8004.3
310 493 985.24
311 152 8437.2
311 203 7250.91
311 146 3550.61
311 313 7466.13
311 459 6746.9
311 446 498.44
311 421 5401.44
311 211 3284.51
312 216 1391.61
312 435 32.35
312 77 2039.78
312 407 9788.52
312 9 7931.55
312 357 8997.03
312 233 9444.15
313 114 4749.13
313 491 709.85
313 438 241.15
313 90 3027.52
313 336 9998.02
313 330 3054.4
313 258 1514.02
313 473 2934.28
314 64 8437.86
314 262 9987.08
314 325 6987.99
314 55 4675.07
314 140 1758.76
314 188 9550.58
314 223 7031.66
314 248 6628.64
314 74 4357.24
314 482 7010.24
314 315 6381.31
315 259 8824.18
315 85 1872.12
315 460 7777.18
315 37 2156.26
316 124 3014.82
316 198 6518.96
316 332 3848.17
316 141 2463.96
316 76 2038.01
316 172 2854.86
316 399 8553.37
316 349 2998.88
316 57 6101.87
316 117 6930.17
316 380 4099.93
317 253 5813.18
317 92 9774.94
317 57 5068.66
317 157 2522.77
317 268 872.95
317 225 508.09
318 413 8858.31
318 427 9389.49
318 28 634.9
318 76 1998.74
318 121 4790.28
318 299 3494.77
318 303 7065.4
319 428 9315.87
319 13 4536.94
319 410 566.06
319 148 122.19
320 115 8894.78
320 42 7489.17
320 230 1928.9
320 216 9844.65
320 20 1428.29
320 170 4836.43
320 37 2305.13
320 348 2973.46
320 321 1576.67
321 210 4811.19
321 117 5970.29
321 24 9525.21
321 248 1079.43
321 100 9563.98
322 217 2506.47
322 192 327.49
322 154 6014.85
322 110 6240.1
322 106 1984
322 409 2829.11
322 193 4286.96
322 464 4881.34
322 451 8855.8
322 387 5877.29
323 9 6584.68
323 438 8786.27
323 152 9104.39
323 183 7035.36
323 59 1587.46
323 55 2407.7
323 479 7158.69
324 281 3647.77
324 73 1537.05
324 29 3508.62
324 499 4613.18
324 309 5644.49
324 176 1228.96
324 327 8251.41
324 325 7390.41
325 367 4276.7
325 241 3616.78
325 486 7476.1
326 276 6094.97
326 207 9785.43
326 467 6290.48
326 490 3513.87
327 424 4318.8
327 185 8836.81
327 275 2818.68
328 21 1870.45
328 207 7196.03
329 224 4815.48
329 150 198.62
329 438 2709.31
329 361 9204.75
329 294 9514.34
329 330 5457.36
330 289 885.5
330 201 7407.71
330 304 3063.19
330 280 2115.24
330 280 8050.36
330 213 9656.86
331 413 4263.77
331 155 1097.43
331 109 8336.25
332 359 5314.93
332 93 7186.88
332 414 9121.44
332 79 1574.39
332 5 1943.13
332 260 6546.12
333 471 613
333 245 9202.71
333 485 9642.37
333 99 2210.26
333 174 3187.12
333 82 1629.56
334 357 5128.34
334 208 9512.29
334 399 4709.8
334 267 7541.39
334 121 2425.82
334 188 5341.03
335 171 6533.72
335 15 9267.64
335 233 1997.88
335 371 9905.86
335 339 3656.84
335 280 1583.99
335 91 6087.52
336 442 2861.4
336 65 972.09
336 152 8246.98
336 112 480.24
336 235 5179.05
336 343 1327.13
336 258 7541.34
336 375 1052.89
337 192 9096.58
337 365 3349.49
337 391 6871.2
337 24 9983.22
337 258 3140.02
337 365 8602.33
337 479 9454.53
337 79 9704.82
338 230 8027.71
338 217 7752.28
338 483 7374.97
338 132 9830.04
338 11 8067.65
338 312 8886.57
339 134 9277.25
339 272 290.32
339 344 6462.12
339 319 1391.8
339 254 4213.83
339 215 9079.6
339 484 3499.94
339 377 7328.52
339 301 3485.55
340 489 5515.9
340 81 3785.03
340 191 5848.85
340 98 2967.21
340 314 609.05
340 142 7063.57
340 211 3903.64
340 20 7828.53
340 185 1312.06
340 248 4652.12
340 421 376.23
340 205 5872.55
340 262 1738.57
341 214 1073.17
341 99 9650.23
341 446 9596.09
341 190 3847.84
341 477 3733.51
341 342 9383.73
342 122 1607.03
342 54 7620.31
342 291 1584.2
342 116 8555.65
342 395 5646.3
342 484 1139.77
342 131 9213.49
343 269 2914.74
343 378 4218
343 240 3204.25
343 488 6983.83
343 383 9867.4
343 344 602.43
344 96 8571.15
344 367 462.28
344 341 7789.63
344 75 5989.67
345 357 80.87
345 456 5600.73
345 150 6245.62
345 99 4761.45
346 192 8730.75
346 356 8161.23
346 167 110.27
346 246 3146.8
346 189 5238.67
346 66 6414.01
346 322 947.67
347 135 289.89
347 22 1827.84
347 219 9020.31
347 133 4865.74
347 179 354.76
348 67 3513.24
348 103 3798.06
348 233 261.5
349 473 7095.26
349 435 9277.26
349 412 3975.53
349 189 8978.53
349 242 6894.18
350 240 9896.33
350 205 4304.5
350 383 3654.81
350 491 7117.32
350 339 1452.19
350 286 263.7
350 351 3316.37
351 84 2033.08
351 24 890.61
351 61 458.08
351 454 3927.27
352 222 5637.6
352 369 2623.33
352 227 2719.94
352 290 6764.84
352 314 1754.9
353 377 1621.79
353 366 9917.72
353 336 8833
353 296 3231.69
353 293 9415.81
353 130 953.83
353 343 3074.28
353 290 6001.08
353 354 8134.88
354 319 5904.2
354 105 8484.05
354 394 475.05
354 436 2683.34
354 176 8711.49
355 491 6875.23
355 209 666.47
355 358 6582.36
355 268 580.77
355 424 6209.7
355 136 317.7
355 279 6122.05
355 222 3682.84
355 141 4825.97
356 196 9321.64
356 43 4897.19
356 149 969.23
356 342 1732.77
357 83 8341.15
357 30 2232.07
357 433 359.1
357 400 5776.56
357 323 3290.55
357 271 4232.53
358 18 5124.75
358 372 9800.76
358 449 3779.88
358 179 9975.75
358 275 8985.22
359 397 7739.07
359 153 7741.19
359 406 611.71
359 257 4175.89
359 197 2063.24
359 5 3554.36
359 219 1998.33
359 270 1581.54
360 294 1865.28
360 440 6740.88
360 268 7355.5
360 411 386.08
360 362 25.25
360 361 8393.35
361 7 4457.22
361 383 6069.56
362 440 993.13
362 132 320.78
362 496 8974.09
362 112 9096.88
362 461 2327.83
362 342 4157.12
363 216 9428.14
363 13 1521.68
363 385 248.25
363 256 1099.2
363 60 3400.67
363 82 1091.51
363 364 3534.02
364 339 4581.43
365 141 206.11
365 440 4970.98
365 476 4607.06
365 337 2495.56
365 308 4648.6
365 310 576.7
366 306 8411.41
366 306 3625.73
366 164 4600.43
366 250 8082.4
366 394 4825.8
366 252 3145.87
367 33 3670.74
367 148 3328.48
367 102 6819.15
367 328 5029.58
367 376 2281.89
367 290 3662.12
367 6 978
367 245 8802.32
367 123 1284.34
368 247 2466.54
368 472 410.96
368 450 7466.97
369 194 9482.35
369 159 770.34
369 196 2339.02
369 104 7950.95
369 127 3100.35
369 25 3198.21
369 16 1691.27
370 268 1085.17
370 347 2047.25
370 359 2451.8
370 298 985.68
370 164 2176.59
371 244 3220.29
371 370 5480.58
371 372 3370.96
372 262 38.25
372 228 4804.42
372 45 6077.89
372 484 5334.87
372 96 6234.88
373 136 8069.4
373 472 5900.36
373 225 7765.61
374 132 8338.59
374 351 7565.2
374 218 2978.09
374 143 2168.8
374 393 1512.93
374 297 2627.64
375 43 4410.71
375 171 1695.56
376 384 629.51
376 330 3794.89
377 122 5768.98
377 371 7244.84
378 45 7497.2
378 197 9001.46
378 70 1869.51
378 261 7292.62
378 299 2762.6
378 233 9274.9
378 126 690.12
379 330 5495.09
379 237 719.17
379 349 6778.03
379 419 5218.38
379 191 9795.74
379 84 5117.26
379 396 4530.82
379 56 3791.77
379 294 2778.59
380 479 6387.58
380 215 9912.22
380 175 6810.25
380 290 3057.3
380 416 8422.44
381 421 8461.9
381 279 7008.48
381 473 7256.25
381 65 4090.91
381 75 5864.86
382 236 4111.78
382 83 9532.86
382 109 9570.65
382 288 9677.42
382 161 9460.49
383 178 4360.58
383 74 9054.29
383 141 9481.25
383 432 36.96
383 136 4216.93
383 11 222.88
383 151 921.84
383 353 2130.52
383 149 3473.55
383 293 7069.48
383 232 8638.38
383 458 842.93
384 358 7208.76
384 25 3377.6
384 85 8184.82
384 423 2319.72
384 217 4021.54
384 87 5537
384 92 8457.49
385 2 8198.26
385 189 129.88
385 306 3185.71
385 488 3380.87
385 166 8001.17
385 4 3809.09
385 278 5824.93
386 80 8685.67
386 248 9575.56
387 43 7158.1
387 464 1905.29
387 192 7109.67
387 210 9.19
388 79 7511.88
388 109 1161.05
388 319 2084.44
389 233 1050.44
390 466 6341.61
390 424 3769.33
390 231 6495.68
390 271 4904.5
391 208 3204.79
391 356 7192
391 278 6129.86
392 187 2092.48
392 336 1068.26
392 209 7739.32
392 326 9385.32
392 247 1805.99
392 74 6244.97
393 90 3959.89
393 282 3948.48
393 463 1904.77
393 394 3256
394 217 6125.23
394 285 6354.83
394 243 1595.28
394 273 8495.03
394 313 3478.03
394 61 2197.43
394 51 1608.88
394 49 4702.05
395 451 4550.23
395 305 1854.85
395 298 7958.87
395 223 5723.03
396 162 875.92
396 467 1264.76
396 361 6984
396 432 3747.58
397 46 644.55
397 263 4000.49
397 478 450.2
397 94 8430.81
397 406 3912.52
397 398 1927.98
398 296 159.29
398 397 7281.11
398 258 1976.91
398 24 4800.12
399 150 7807.75
399 35 6516.67
399 345 4814.54
399 400 5297.48
400 125 4318.78
400 243 7889.22
400 54 2667.52
401 384 3142.95
401 286 36.01
401 82 5619.84
401 245 719.07
401 329 2950.09
401 434 5206.23
401 292 3457.38
401 136 8708.2
401 38 4863.17
401 325 2441.07
402 476 5402.86
402 312 9958.56
402 69 9987.38
403 157 2246.33
403 255 9685.84
403 246 4054.49
403 203 2804.71
404 216 6933.71
404 303 6059.07
404 87 7806.13
404 176 2770.02
404 402 2589.04
404 166 7991.59
405 440 361.76
405 112 8584.31
405 367 1837.26
405 5 8630.65
405 128 6640.55
406 181 9545.56
406 339 2878.9
406 351 4922.29
407 348 2583.92
407 483 649.9
407 80 7079.15
407 89 9311.45
408 81 8860.83
408 195 4727.03
408 459 648.74
408 64 4953.99
408 418 286.05
408 295 5204.98
408 241 2619.03
409 69 6589.97
409 227 5643.84
409 284 3444.42
409 417 553.67
409 150 2718.42
410 148 855.24
410 60 1939.5
410 21 7874.33
410 69 7678.35
410 135 1812.68
410 114 5443.73
410 90 4973.42
410 4 2983.27
410 143 1568.64
411 180 730.55
411 476 7558.95
411 175 2343.05
411 298 4109.58
412 31 8148.05
412 408 8908.84
412 125 4739.35
412 361 9715.88
412 345 7973.79
413 169 2076.22
413 174 5725.55
413 474 570.16
413 61 5599.27
413 142 3149.39
414 377 2687.91
414 487 1649.35
414 79 5179.27
414 415 3435.03
415 129 5669.02
415 437 8667.51
415 5 6389.62
415 418 4172.33
415 7 3862.77
415 396 3125.15
416 254 2028.11
416 439 6206.38
416 89 2420.85
416 404 2731.55
416 483 8309.78
416 300 6655.24
416 210 425.29
417 61 6506.21
417 303 6164.13
417 194 6296.43
417 34 57.97
417 103 5676.57
417 16 8239.45
417 323 2403
417 429 8620.93
417 419 762.16
418 198 5108.3
418 10 3144.14
418 275 3798.52
418 280 6218.34
418 409 8323.19
418 294 1051.32
418 303 2426.31
418 198 9738.12
418 459 8453.11
418 320 1274.68
419 290 110.32
419 152 7269.26
419 17 8534.05
419 481 839.66
419 291 3268.82
420 485 6303
420 392 966.41
420 223 6174.56
420 271 694.09
420 182 789.91
420 404 6860.25
420 87 1201.98
421 310 1190.77
421 469 3212.92
421 363 921.44
421 23 8272.58
421 24 9041.76
421 442 7321.59
421 297 3338.59
422 289 2487.16
422 349 7511.35
422 225 1680.67
422 423 4595.28
423 147 3495.81
423 264 9294.19
423 60 801.84
423 332 7706.72
424 125 1996.08
424 392 3568.01
425 491 8624.84
425 271 9496.96
425 122 1354.09
425 138 3958.6
425 368 3958.21
426 232 4468.41
426 61 9959.98
426 270 8118.54
426 66 9487.84
427 266 8959.42
427 153 5837.51
427 481 14.68
427 404 8404.57
427 473 7998.16
427 306 8279.28
427 236 413.23
427 377 5061.89
428 294 5017.59
428 376 2263.74
428 89 7192.29
428 210 8473.87
428 216 1938.7
429 246 3566.3
429 51 738.11
429 443 4427.45
430 64 3253.18
430 480 4995.7
430 103 5375.13
430 423 34
430 256 1267.82
430 216 2595.02
431 126 1475.24
431 45 644.43
431 251 2125
431 96 683.35
431 168 7204.96
431 437 2968.32
431 483 5933.95
431 456 3832.53
431 441 6102.35
431 161 7066.66
432 306 4930.66
432 101 2204.93
432 109 121.65
432 460 9507.39
432 470 9966.75
433 220 6822.29
433 56 356.02
433 487 4832.2
433 11 4714.83
433 58 1476.03
434 266 3975.61
434 433 3028.88
434 172 533.75
434 52 8487.53
434 475 2551.81
434 268 2554.74
435 174 5604.52
435 470 4012.12
435 405 7423.51
436 158 7870.75
436 410 8270.09
436 418 9453.8
436 91 1977.98
436 282 2380
436 412 9663.67
437 172 234.48
437 246 125.55
437 80 3520.92
437 103 1814.02
437 387 575.49
438 309 3887.43
438 403 3796.38
438 318 2189.8
438 397 3514.64
439 133 9717.49
439 407 113.23
439 323 5323.91
439 243 5954.92
440 178 4309.16
440 379 6497.93
441 278 627.28
441 229 5398.81
441 190 2022.6
441 14 953.22
441 186 6727
441 184 2031.97
441 191 6963.04
441 74 9950.99
442 374 2768.98
442 416 259.58
442 396 2550.19
442 274 2671.65
442 316 5994.46
443 138 7612.44
443 73 9888.26
443 439 560.62
443 337 6984.26
443 194 3402.76
444 197 584.01
444 164 5614.64
444 471 4129.33
444 71 895.71
444 347 5306.08
444 319 2056.77
445 5 791.89
445 37 5483.71
445 182 6579.8
445 120 8729.68
445 436 6077.67
445 301 9027.26
445 314 88.21
445 84 8666.83
445 497 8218.2
446 453 7098.16
446 421 298.57
446 364 5732.9
446 52 3832.14
446 149 3387.5
446 260 289.42
446 262 309.87
446 447 2913.59
447 404 4046.76
447 357 6908.12
447 250 1124.16
447 416 6825.22
448 349 3928.11
448 78 3069.03
448 321 2341.23
448 180 8905.21
448 283 7408.8
448 360 9923.51
448 217 8365.22
448 29 3231.96
449 46 9904.97
449 393 9292.14
449 37 4721.8
449 117 8013.6
449 381 126.65
449 273 132.47
450 391 9996.6
450 327 4927.76
450 446 4914.31
450 353 1107.26
450 355 6808.5
450 251 9191.27
450 213 1189.97
450 421 9206.86
451 244 9581.45
451 146 1834.69
451 366 6960.72
451 457 7915.06
452 477 9387.64
452 249 7407.33
452 79 4768.6
452 181 5078.96
453 360 9187.58
453 333 4039.44
454 437 2725.36
454 79 2503.9
454 137 4385.98
455 130 2180.66
455 93 9940.63
455 151 5868.21
455 272 4005.53
456 98 3406.02
456 277 2263.84
456 5 1706.66
456 232 1706.62
456 113 6269.55
456 419 1427.33
456 102 56.15
457 363 1297.24
457 147 416.25
457 253 4713.36
457 137 1570.95
458 165 4616.47
458 336 5017.5
458 273 1546.39
458 375 5589.57
458 303 1494.79
459 315 3278.83
459 360 1620.64
459 238 1128.09
459 59 2110.77
459 96 4010.15
459 152 3929.43
459 188 4001.09
459 160 9074.01
459 220 2382.34
460 252 1274.65
460 455 5261.63
460 88 2768.51
460 162 7410.23
460 462 4495.18
460 387 4254.22
460 483 7336.81
461 275 1384.98
461 270 1055.96
461 238 8430.66
461 57 1249.31
461 465 2330.79
461 33 3454.54
462 180 3479.13
462 1 9043.27
462 29 904.63
462 107 3964.92
462 117 4116.4
463 64 7412.87
463 355 7638.51
463 97 3869.59
463 329 2449.52
463 406 4236.31
463 387 7551.84
464 53 3820.87
464 396 9915.18
464 244 6050.91
464 93 655.44
464 434 4056.63
464 71 8248.44
464 14 5358.05
465 325 3459.17
465 39 3664.33
465 172 1237.56
465 481 9707.83
465 67 9586.03
465 436 8582.52
466 366 3409.43
466 352 5260.68
466 477 9008.93
466 496 228.34
466 467 5201
467 479 5389.83
467 345 4131.57
467 272 300.57
467 306 6863.76
467 419 4607.82
467 431 519.47
468 353 3479.94
468 479 8824.17
468 249 9962.91
468 420 1631.1
468 36 5434.28
468 320 1453.07
469 35 8612.23
469 454 9706.44
469 66 5450.54
469 410 9502.64
470 204 786.61
470 9 6596.81
470 99 8882.71
470 146 3277.6
470 379 8837.36
470 221 9343.6
471 487 7331.9
471 201 2915.74
471 375 4329.5
472 4 4949.32
472 471 8695.89
472 392 32.31
472 483 1248.19
472 115 7883.94
472 360 109.92
473 266 59.09
473 30 4905.95
473 154 2433.05
473 267 8213.69
473 323 1202.31
473 461 7624.46
474 2 8587.22
474 153 9125.03
474 296 3381.62
474 303 7876.9
474 26 1657.01
474 302 2720.99
474 238 328.62
474 16 1889.48
475 272 3252.76
475 338 6920.09
475 257 56.55
475 183 994.48
475 392 1603.67
475 43 9109.13
476 119 6023.18
476 295 7174.35
476 444 7436.86
476 39 7717.6
476 304 5076.87
477 438 3023.43
477 306 9652.4
477 150 3821.44
477 440 3178.13
477 437 3786.9
478 394 7048.26
478 328 4428.93
478 111 3843.87
479 202 3995.92
479 94 40.74
480 208 2886.2
480 74 7761.59
480 372 735.33
480 425 8803.75
480 143 8190.47
480 71 7301.51
480 356 235.28
480 205 3448.25
481 405 8868.75
481 297 6338.1
481 212 9839.94
481 361 606.62
481 439 5792.91
481 403 2673.93
481 267 8089.13
481 458 9759.68
481 480 2271.6
481 252 2264.66
481 98 1495.65
482 220 9117.59
482 180 8465.33
483 92 3124.97
483 300 7244.54
484 184 3523.04
484 305 6210.06
484 226 7946.16
484 244 308.8
484 376 8057.87
485 1 5740.78
485 305 9741.56
485 308 1572.73
485 52 8098.38
485 155 5597.47
486 239 3706.79
486 415 4698.3
486 255 2350.35
486 264 3267.75
486 249 2331.3
486 275 9687.26
486 35 8577.13
486 373 5592.9
486 59 4122.04
487 316 3928.95
487 177 205.52
487 314 1702.68
487 44 2571.84
487 162 2970.02
487 307 9186.75
488 85 5337.62
488 411 1669.26
488 299 4109.96
488 140 5778.82
488 331 3671.22
488 436 1340.02
488 103 9574.04
488 472 2914.74
489 141 1629.34
489 249 1968.15
489 416 6665.61
489 50 1634.65
489 361 4190.27
490 471 1452.57
490 189 7296.89
490 354 8289.98
490 426 9042.13
490 365 2360.49
490 372 1026.42
490 256 6055.93
490 473 9416.52
491 242 7859.23
491 403 3677.46
491 272 5118.84
491 480 1208.05
492 400 3557.78
492 157 7424.36
492 144 8811.19
492 398 5805.69
492 306 9846.33
492 63 2632.38
493 410 6054.64
493 129 1480.95
493 57 8604.02
493 136 2718.69
493 94 1870.33
493 450 3435.24
493 382 8827.49
493 53 6068.4
493 469 1496.73
494 498 3091.37
494 245 9603.78
494 164 7697.43
494 342 2296.84
494 472 8889.41
494 129 9739.22
494 282 7667.57
494 242 6074.69
495 322 3758.46
495 10 2398.68
495 352 1515.19
495 191 5725.03
496 363 3110.88
496 100 7033.15
496 455 8456.58
496 151 8534.31
496 158 9851.58
496 108 2324.1
497 25 5450.1
497 60 8268.27
497 40 5660.18
497 480 4477.79
497 439 771.92
498 55 1980.43
498 172 9325.83
498 334 2822.6
499 338 2957.53
499 125 7027.22
499 343 8316.94
499 63 1037.82
499 323 8419.44
499 322 3628.74
500 61 5377.35
500 301 1019.15
500 337 9494.12
500 463 4710.94
