500 349 220 417 14 396 437 461 397 375 381 482 140 296 377 31 253 325 113 474 
69 144 40 360 172 450 283 58 267 270 394 368 182 264 15 57 178 160 176 
269 406 47 21 432 451 131 6 355 485 414 
16 341 149 403 128 11 133 195 276 33 354 278 372 390 196 
370 205 121 173 191 444 260 98 236 88 479 259 487 36 125 279 299 322 108 243 
327 230 20 44 222 188 75 161 484 240 120 146 378 273 166 369 274 194 326 314 
435 22 156 404 445 
215 80 
197 429 59 95 27 35 345 347 136 106 304 19 459 115 340 122 
78 310 49 239 496 386 374 
143 247 66 453 193 305 170 309 186 320 207 433 102 12 425 134 206 60 308 
218 148 407 411 81 157 2 361 401 331 93 463 494 439 162 64 486 328 237 344 
338 232 147 124 150 185 
384 317 126 262 72 285 97 201 268 255 45 28 382 
460 385 23 151 477 
250 402 242 405 13 203 233 266 427 275 
109 184 393 383 
103 483 467 
365 499 117 55 87 
217 8 315 293 261 246 177 30 224 208 174 410 313 442 62 43 86 454 251 132 
89 229 306 291 135 391 5 187 199 74 94 481 204 366 68 373 302 318 
447 24 34 464 371 473 9 346 123 258 321 491 490 399 114 234 493 61 26 307 
337 488 84 280 408 46 50 286 
284 104 112 422 465 228 48 380 
348 287 319 212 468 139 
41 292 56 282 455 1 227 438 458 
495 351 323 436 
336 359 446 489 423 
428 231 181 434 
226 200 159 141 419 167 
248 288 155 424 
400 29 430 202 440 179 189 497 
42 100 333 449 221 116 
271 164 192 456 129 389 263 209 154 107 39 91 415 38 478 37 416 301 
342 413 277 257 254 137 245 
127 67 52 
25 10 443 252 357 330 225 472 17 431 420 316 32 395 470 79 265 462 332 356 
343 90 241 471 297 142 476 
210 350 76 
339 492 412 
211 101 118 421 358 
312 244 18 54 
70 290 457 364 
63 498 4 180 387 190 
119 334 376 311 
379 105 219 82 53 198 329 
448 475 77 
214 158 441 
303 256 163 295 392 130 83 
213 3 171 
324 480 
335 294 169 426 
272 398 388 
145 418 110 289 
281 216 223 85 65 409 
298 138 152 
73 71 168 
235 300 111 
238 153 
7 367 
165 452 
175 363 51 
96 183 
469 249 352 
99 353 466 
92 362 
